.Random.seed <-
c(10403L, 10L, 2139042366L, -909101448L, -1627433637L, 1751536825L, 
-126829304L, -1087815754L, -1964923663L, -1726307549L, -1829669518L, 
1507774404L, -2006156409L, -1951823523L, 1410033492L, 262921594L, 
-1216509755L, -396600801L, -1689612890L, 1832869680L, -1330457133L, 
977241073L, 103347488L, -567532610L, -1902515255L, -1764193413L, 
-932660918L, -546351700L, -1956003665L, -102139291L, 900940316L, 
2072870002L, 911278829L, 669175591L, -343610546L, -1062607960L, 
955320235L, -1533348663L, -1967856424L, 1851529606L, -2027982751L, 
66085363L, 1847685218L, 812418772L, 585088983L, 1983008205L, 
-695604892L, -660521654L, -175932235L, 437300239L, -106838762L, 
1530290112L, -1877828733L, 318683553L, -70916720L, 574256750L, 
-731983847L, 1510845611L, 1150161050L, -1051045796L, 1932762463L, 
711825205L, 1412197068L, 1078503458L, -925310339L, 1944242039L, 
-2146330466L, -32954536L, 1791349435L, 1920949337L, -1209833496L, 
-1560636906L, -880388719L, 958688835L, -994026158L, -1851407900L, 
-108453849L, -1692816259L, 481825140L, -782131878L, -1370834011L, 
-1688253505L, 483383366L, -34220336L, -1311260429L, 1808414225L, 
1143025728L, -1815563234L, -1731009815L, 536639515L, 941453354L, 
-398273716L, -3170033L, 2009134149L, 573584892L, 1546458194L, 
29816269L, -1823176825L, -1365159314L, 547095112L, -1546079157L, 
2039309737L, 1153177848L, 1681890342L, -1114645183L, 834030291L, 
1858089602L, 1591007412L, -404105161L, -590615763L, -1073766332L, 
1794501994L, 42383829L, 304287599L, 292836982L, -1227351648L, 
904945251L, 58099457L, -550594960L, -1902743026L, -640517511L, 
-841062901L, 1142855482L, -709194180L, -682412673L, 1066882773L, 
-1598646548L, -2026469310L, 829222813L, 1003445783L, 750764926L, 
1142763832L, 1297833499L, 1893384057L, -136762936L, 124737014L, 
-1754818511L, 983831139L, 1467280946L, 1189501828L, 1050327495L, 
1828245661L, -176674796L, -1916068166L, 825224965L, -161932065L, 
1139109222L, 1423362288L, 423119891L, -743865935L, 320101472L, 
-895731202L, 2030607753L, 326900411L, -739694966L, 1054470508L, 
-1920243985L, 1668374821L, -208134180L, -1215205966L, -1410458451L, 
-1042285465L, 276947854L, -2050366360L, -540196757L, 411150857L, 
-225168232L, 1146030022L, -1476781279L, 1359689651L, 630316834L, 
1436987668L, -1987509865L, -512171635L, 794855588L, 1644274314L, 
556980469L, 439291727L, 1572288598L, 1770414848L, -85920189L, 
-1370722847L, -2028349104L, 961146798L, 1717863769L, 1933714283L, 
-1905892646L, -1081846884L, 112324511L, -1297107467L, 1571051660L, 
637065570L, 1865405757L, 1615951287L, 1830593118L, -1753758824L, 
831466235L, -711892327L, -1514591448L, -219432490L, -575216047L, 
-1836382973L, -2064344942L, 972131876L, 2022748391L, -215325379L, 
295453108L, -860602854L, -642515611L, 1229931519L, -764599674L, 
-1191828976L, -2094589773L, 968569681L, -1552212224L, -1214804514L, 
-1490684375L, 1973452251L, 429294314L, -1995231092L, 1058774991L, 
-1471465595L, -1807903684L, 1357419794L, 824254989L, -785172153L, 
-2071131346L, -1114601848L, -1233293429L, -2105841056L, -1485408948L, 
137793824L, 1293751938L, 691275240L, -156996628L, 1948650044L, 
-630315406L, 2141002608L, 724302116L, 677550648L, -969401958L, 
-541991472L, 1121955260L, 1321952404L, -1746042750L, 1717646784L, 
1829222204L, 1356597392L, 571259682L, -1399164408L, -960380660L, 
975358364L, -551589358L, 1300946816L, -1267903724L, 63949096L, 
-129691590L, -294849584L, 163587692L, -520420812L, 1608451730L, 
1155657056L, -1614896820L, -1223453728L, -982146654L, 987005352L, 
2132844172L, 1149920700L, 894476914L, -1694311440L, 1515833924L, 
-168390568L, 1399219258L, 1543470192L, -1374018500L, 1092594964L, 
1884508866L, 1805190880L, 100174972L, 151401168L, 262644130L, 
2086548520L, 996456204L, 792901052L, 1963788082L, -899707200L, 
-1885939660L, -282743096L, 1125111994L, -1133108592L, 1859880684L, 
1708827220L, 404176530L, 1922536736L, -1606140468L, -77156640L, 
84237506L, 834571304L, -1428126804L, 856573628L, 963475442L, 
1463837232L, -1077871708L, 633697720L, -972425382L, -263169904L, 
-630552708L, 891278612L, -1665502910L, -1270121216L, -500547140L, 
1358417232L, 1819392290L, -1685863864L, -1386525684L, 435339868L, 
667416018L, -88506880L, -2051133100L, 735270120L, 842479866L, 
-1834278192L, 1855278892L, -854921996L, -2041068142L, 933370208L, 
1102039052L, 2027055328L, 510273122L, -1411829592L, 1529768012L, 
1001617276L, 1297075506L, -1336820112L, 119809860L, 1007504344L, 
-1529229446L, 272733232L, 862298044L, -623322540L, 478314562L, 
-223537504L, -2054214980L, -1854883888L, 256907618L, 1232927464L, 
-877660980L, 1634732540L, -388308494L, -1164468096L, -398090764L, 
1666218632L, 305116986L, 466299216L, -539072404L, -831552108L, 
1472134226L, -1959394848L, 380264652L, -1984304480L, 735682946L, 
1205605608L, 1501526764L, 1511727420L, 1973034098L, -419070352L, 
1000523300L, -1912516552L, 1935496474L, 1755992272L, -893633220L, 
-2103697516L, -857872510L, -2106335296L, 737635900L, -368701040L, 
-691026910L, -2145533688L, -1251519348L, -1906883812L, 698056850L, 
43127168L, 1424419860L, 1912760104L, 1065414202L, 709067216L, 
-423505556L, 1190801332L, -1332550126L, -167611424L, -1777707572L, 
1939563744L, 1175992354L, 873316136L, 1720698380L, 1628363580L, 
1319738354L, -119713040L, 1265279556L, 154613336L, -1032937670L, 
-901645328L, 770346684L, -453161708L, 397701314L, -1909210016L, 
1991020924L, 903364560L, -636819166L, 1810390696L, 785138572L, 
-192502596L, 909305650L, 1324356160L, -1414746956L, -414710712L, 
-951950918L, -1826165232L, 1206069484L, -619331244L, 1223745298L, 
-1647241824L, -1405932852L, -136608160L, -202899518L, 1290091304L, 
-769387092L, 2050431292L, -835164302L, 669694256L, 1124265764L, 
-1874219720L, -996447526L, -1360296048L, -928206084L, 319672212L, 
113137730L, 358440192L, -576113604L, 224351568L, 1177053346L, 
988632904L, -49033460L, 1477274332L, 1670150994L, -998178176L, 
-633632684L, -943336472L, -390953222L, 1782624592L, 933161772L, 
-190599308L, -1941410926L, 1817091680L, -340361332L, 531317600L, 
-1910691093L, 567114716L, 1239318026L, -557645569L, 1405629769L, 
346080990L, 805342348L, 218520669L, 1197220455L, -1986745456L, 
1665785774L, 922091099L, -803204547L, -1259826006L, 392262984L, 
1326532977L, 1383726819L, -1321110044L, 2105489682L, -1112525593L, 
-1472261455L, 551135478L, 243827476L, 1522093093L, 1642854703L, 
1913929448L, 1346612166L, 1242754675L, -829759275L, -890115406L, 
-2018581888L, -97148311L, 1423283931L, 1723630124L, -223667654L, 
1641899247L, 1339922297L, -479671282L, 1717297628L, -444075443L, 
-57663049L, -1560379584L, -1749432802L, -582913813L, 997646445L, 
1345251546L, 954747032L, -823324927L, 792450227L, -778854444L, 
579357410L, -1009919113L, 305587905L, -1377583546L, 1398473092L, 
-823025867L, -969949921L, 180663416L, -2119421610L, -1159020573L, 
-1248081499L, -2072036286L, 1114047024L, -1786967463L, 1698356171L, 
1761193020L, -1165176214L, -240168801L, 987273513L, 389606846L, 
1181621420L, -1666242051L, 1009922375L, 176728624L, 2037762894L, 
758132603L, -1397434147L, 1051300106L, 1328235560L, 486971537L, 
-38400893L, 1796767108L, 335928242L, -1566653177L, -1400791215L, 
1021587158L, 990918580L, -1829963835L, -1580488945L, 901387656L, 
1028219046L, -1991356333L, -1489634891L, -350015726L, -1958685472L, 
1493473609L, 1497277307L, -1683481012L, 452505562L, -923013681L, 
-1354359911L, -1308701778L, 730624188L, -371554003L, -1577387305L, 
-1016732896L, 1601582206L, 1389877835L, 1961879629L, -756799878L, 
-1634414920L, -1486713759L, -1336295917L, 1873327156L, -2130003390L, 
-1482166697L, 243336609L, 1493329510L, 956434020L, 1550542229L, 
-1021135169L, 254684760L, 1555716726L, -134195581L, 1557121733L, 
1155209186L, -1450696112L, -1854142599L, -1913078613L, -1076382692L, 
-1583578294L, -2070830273L, 714886537L, -637160034L, 667069516L, 
-867803619L, -359877721L, -2045856048L, -1143289746L, -1245790437L, 
1968816253L, 950283882L, -1162449144L, 126177201L, -702044125L, 
